8 52533 100000
8 52453 100000
8 52189 100000
8 52068 100000
8 52285 100000
8 52390 100000
8 52480 100000
8 52228 100000
8 52237 100000
8 52587 100000
8 52496 100000
8 52611 100000
8 52498 100000
8 52522 100000
8 52317 100000
8 52550 100000
8 52475 100000
8 52168 100000
8 52273 100000
8 52291 100000
8 52556 100000
8 52210 100000
8 51871 100000
8 52496 100000
8 52161 100000
8 52328 100000
8 52226 100000
8 52394 100000
8 52090 100000
8 52398 100000
8 52219 100000
8 52297 100000
8 52370 100000
8 52296 100000
8 52401 100000
8 52284 100000
8 52010 100000
8 52496 100000
8 52261 100000
8 52112 100000
8 52091 100000
8 52151 100000
8 52498 100000
8 52403 100000
8 52432 100000
8 52357 100000
8 52601 100000
8 52527 100000
8 52357 100000
8 52367 100000
8 52328 100000
8 52457 100000
8 52151 100000
8 52227 100000
8 52422 100000
8 52341 100000
8 52318 100000
8 52288 100000
8 52457 100000
8 52284 100000
8 52239 100000
8 52211 100000
8 52160 100000
8 52232 100000
8 52516 100000
8 52390 100000
8 52136 100000
8 52167 100000
8 52388 100000
8 52685 100000
8 52165 100000
8 52165 100000
8 52343 100000
8 52140 100000
8 52409 100000
8 52377 100000
8 52475 100000
8 52625 100000
8 52533 100000
8 52464 100000
8 52675 100000
8 52040 100000
8 52300 100000
8 52628 100000
8 52410 100000
8 52082 100000
8 52494 100000
8 52585 100000
8 52057 100000
8 52219 100000
8 52478 100000
8 52337 100000
8 52390 100000
8 52300 100000
8 52351 100000
8 52233 100000
8 52190 100000
8 52185 100000
8 52385 100000
8 52353 100000
8 52285 100000
8 52211 100000
8 52385 100000
8 52425 100000
8 52513 100000
8 52491 100000
8 52320 100000
8 52305 100000
8 52262 100000
8 52404 100000
8 52381 100000
8 52590 100000
8 52376 100000
8 52470 100000
8 52561 100000
8 52183 100000
8 52386 100000
8 52378 100000
8 52394 100000
8 52051 100000
8 52238 100000
8 52167 100000
8 52213 100000
8 52301 100000
8 52415 100000
8 52343 100000
8 52172 100000
8 52532 100000
8 52128 100000
8 52629 100000
8 52059 100000
8 52572 100000
8 52167 100000
8 52336 100000
8 52622 100000
8 52282 100000
8 52643 100000
8 52683 100000
8 52344 100000
8 52445 100000
8 52658 100000
8 52428 100000
8 51899 100000
8 52450 100000
8 52439 100000
8 52117 100000
8 52288 100000
8 52075 100000
8 52278 100000
8 52620 100000
8 52314 100000
8 52598 100000
8 52127 100000
8 52382 100000
8 52349 100000
8 52382 100000
8 52143 100000
8 52411 100000
8 52349 100000
8 52290 100000
8 52232 100000
8 52225 100000
8 52539 100000
8 52269 100000
8 52519 100000
8 52198 100000
8 52508 100000
8 52291 100000
8 52727 100000
8 52309 100000
8 52241 100000
8 52219 100000
8 52330 100000
8 52601 100000
8 52020 100000
8 52622 100000
8 52424 100000
8 52428 100000
8 52302 100000
8 52356 100000
8 52451 100000
8 52464 100000
8 52547 100000
8 52502 100000
8 52385 100000
8 52354 100000
8 52290 100000
8 52304 100000
8 52213 100000
8 52360 100000
8 52422 100000
8 52151 100000
8 52584 100000
8 52397 100000
8 52368 100000
8 52063 100000
8 52231 100000
8 52633 100000
8 52174 100000
8 52367 100000
8 52343 100000
8 52472 100000
8 52070 100000
8 52247 100000
8 52489 100000
8 52445 100000
8 52507 100000
8 52329 100000
8 52393 100000
8 52134 100000
8 52281 100000
8 52383 100000
8 52281 100000
8 52346 100000
8 52186 100000
8 52220 100000
8 52498 100000
8 52215 100000
8 52297 100000
8 52509 100000
8 52485 100000
8 52413 100000
8 52382 100000
8 52279 100000
8 52210 100000
8 52377 100000
8 52054 100000
8 52627 100000
8 52483 100000
8 52526 100000
8 52240 100000
8 52123 100000
8 52296 100000
8 52256 100000
8 52370 100000
8 52675 100000
8 52436 100000
8 52445 100000
8 52227 100000
8 52595 100000
8 52356 100000
8 52114 100000
8 52500 100000
8 52504 100000
8 52431 100000
8 52071 100000
8 52583 100000
8 52369 100000
8 52456 100000
8 52364 100000
8 52346 100000
8 52372 100000
8 52333 100000
8 52325 100000
8 52254 100000
8 52342 100000
8 52487 100000
8 52045 100000
8 52079 100000
8 52143 100000
8 52222 100000
8 52533 100000
8 52355 100000
8 52379 100000
8 52357 100000
8 52208 100000
8 52217 100000
8 52408 100000
8 52356 100000
8 52212 100000
8 52315 100000
8 52432 100000
8 52571 100000
8 52442 100000
8 52456 100000
8 52526 100000
8 52201 100000
8 52525 100000
8 52248 100000
8 52557 100000
8 52195 100000
8 52399 100000
8 52073 100000
8 52039 100000
8 52717 100000
8 52368 100000
8 52337 100000
8 52349 100000
8 52512 100000
8 52355 100000
8 52298 100000
8 52468 100000
8 52566 100000
8 52449 100000
8 52587 100000
8 52479 100000
8 52211 100000
8 52539 100000
8 52477 100000
8 52362 100000
8 52241 100000
8 52345 100000
8 52549 100000
8 52480 100000
8 52192 100000
8 52460 100000
8 52374 100000
8 52463 100000
8 52340 100000
8 52423 100000
8 52209 100000
8 52442 100000
8 52361 100000
8 52222 100000
8 52203 100000
8 52206 100000
8 51961 100000
8 52372 100000
8 52265 100000
8 52213 100000
8 52239 100000
8 52448 100000
8 52515 100000
8 52380 100000
8 52407 100000
8 52647 100000
8 52499 100000
8 52396 100000
8 52462 100000
8 52428 100000
